$ 1 0.000005 3.046768661252054 54 5 43
t 224 288 288 288 0 1 0.6301262491195638 0.6966706877505532 100
r 320 208 400 208 0 100
r 400 112 400 208 0 1000
t 400 208 464 208 0 -1 -0.691436154228473 -0.7093644060536244 100
w 288 272 288 208 0
w 288 208 320 208 0
w 464 192 464 80 0
w 400 112 400 80 0
w 400 80 464 80 0
w 464 224 464 304 0
w 288 304 288 384 0
w 288 384 464 384 0
g 464 384 464 432 0
R 464 80 464 32 0 0 40 5 0 0 0.5
p 464 304 464 384 1 0
s 144 288 80 288 0 0 false
r 144 288 224 288 0 1000
R 80 288 80 224 0 0 40 5 0 0 0.5
